$ANSIBLE_VAULT;1.1;AES256
64363164313931363462323031626438653336326366306534653939616163633963316538653962
3131373364353635353466363332313063383161333565300a313235336238313631663035666335
30356635643137373933626364653838646361323165323230666264333137623638636631636163
6439656639353532370a643031643861623963316337376364313464366235323531666335343438
64343739653333653936336533373330353662633739366365336463663532376131666637326134
39613738333331343863313637633263353132646434383065326638383963323062616139663364
61323837373163373036303536336433616663336237383333326364633661396565303766383938
65323931373230643839653730373033326637373332653863396539303637316439373030633339
63306564303262393836306339363030326333613430653237373364626230363761356135653539
36303730306635316661376639646430616234386233626639303333333337346133373031643537
32626362326566663064643236656438363434303536303637323865336162666138303065666538
37666662323738623965363665623134646639653535613733333434366362376339383636393065
65376265643465326432356265383961373939656161626339303765616562346566653162376231
61353431313532356239393635626632313436393639626433646532626531666133333833376237
35346561656538336234353530366336373439313037353331333830646637333865306438373462
34363261343039633538383761336130656164393331303863366563303761353436633966363363
36643332626533623265623937336530663035306662373538656430323237613965343339346435
36633930363835373666373330643538363731393335393261316237653536653666303332613039
30343132333031653365306338653035663537333339336631663731613561643434323461343563
65376563386365326231383738343264316166623031346666656361363265366161363938363635
36303634333132346362356663626434666163663037653961653862343466626439363733356433
35663636333661633831393961623239366436356663306161663930366133316337333336386332
33316631323233383363393739333737356533623361333237333737653361663363626135383530
63383463643439353262353665643666363165623238326633633332353932376137343366303563
66663663313461633132663833386331316265303762636433366639373033646465326337363166
32366438363462383831363536643636376539656131613162333037373132363136363964373462
33316139656533363061353266613734646630303338306263646134326366373934613231393664
38646265653863616333633464386665313730346338353536303661653065326262376135663035
32353937613633316431653961656636626533653734383036663136366136396534336539346264
64326262336432356631356532636661393434643266633562623864336132323664343135336333
64306464626166316262316262656335376135353363636635303333623037356561313738396664
62656362343565346164623465633561336530343939363432653063356130393530653363356430
31333939353366643330316338313936396165616134623562343436323566663632393739303431
39373264343735373163346465376232616231643235643266646261303639343931313837376566
31343432646435646365313930636332633035323662306137333431343034613461623633653666
64666664363934303234363164623362373138636565376634623765353961326164623431393561
30346265623935303461623431323464653431373561333565653337383139653964353833643565
34313861303830633633343263323866653461323465326163323166303037383334663039663661
38356431333533393662373465316662363136613437363131646231323233323634393664346333
66653738313765633831326261393763623539343466623261373933623032393331373762383866
37616464346132666566653530346630353734353163666262333531393061616465636366636661
30386631396336353138323831393766306239346236613263666265666266336438613365656665
36653037356234303666343435376265333539626666323136666561386133616663343765666532
34363438646533666562323430373038333635303563613433643136373431376264626339383239
35373463653531353266306636356562643335336335333239343234663234383430623464613666
39306134316564633034636633383963653233626564633362336464336137376164333130306464
31386633306234306263646538653431343061623161613364373165383833306134306566313164
36313938376262353130633035656164383539633465393366373039326232653731343261313134
31623036653964373638616437653134353234393764316639626161333432326162396330393836
38346462373265643262373261346435303830656334373261363365333737633866383430356266
61386164623864643531323631643162366231666266643666303037396264613863316437663237
35643833663965373337643066393933636632323065633738353839303833313465386161343363
35643137623265636662373361656234343937373337636139626639316664346465373136306231
62383132393363366635353762356162326262376539396636613232643034626435386632343936
63323163363834363730346338353733363333396165356237326465653566313362363362336436
62663634333565656135363633373664616237343837326366373330663236343435626434646637
61336135333462363563346434383133663031316632323665313036616536306463386238353161
62303638336334393233353466643666393065303239343737663766326561343431323635636238
66616535623539633533623239393763633332653538666564613437336164323334666166623731
32616137356637323533363835393665393931383262323730353832323466393961393165613830
39633237663332633732316662333230353539646436353132386631373535623261373830313866
33343666376336366433333931353831383731383231363038306432646534646264383239353237
65393531386634646538616661396464613464633736373339326462353139306661313039346535
61353035353139343738623135643062396433633266623538386637343539643964393439646237
31323739343838323864363334333334643261333131646361323136373165303538376165306538
35336665396132323337383363343733666239643539373630356130353732303464663833366134
35646162393633333365383831323235663334623462663137616365373063653331303663313735
62656634316363653666633234373862636435353564306662616238623234356231666235626136
63656264643336633139303166396534313535663464616434313231616431363462386237363362
65623266353361666636636363643463393266323861613437666438356565306235613037663130
61353336303066363439656161653362313232306333393964303663346261303539376431383734
63326630393335313632646334666335313636623264666466373866623631613531646435366662
65303534383333353939303964343363653665356337316162346162363331303163353430336462
63386637626639323931393764333536613230616232626139633664386134643130383336323939
66653835393766363262363963616166393063376366323230623536653666373037656434633938
65643336306363366461646562663366613866643739653033363263326161316235666636643537
30306239383466303863636461626361363363663661633866623966323963396235363338653633
31643035323336613564633561643037636263643838653162393330303263313630643534346261
37633566623439393563646139623934383565383636303265386337653334326263303537393362
33366432653063613265376135373861396538346333313362653066353530636332353331336463
39663362656533396431346338373963316437393538306166633338346265616561343162663966
32373836636565336434666530346434316464646430306163663330346462613438373032646337
65623261666633636366326333626131636138316339663166343436363833616538373464636334
34373065636335313330336237336166663738346131636232356639313836663933393130656639
30313364383632646463343836623736316130393661343031323361323837663233613265326539
37336439363437613035623332303531373735353164383663653533386534343261646533376465
36343939396534356135613261646136636432633963303837386134323265316531303637653037
33626439393734336263613961373963613464356561393534643235306439313039336464663363
31653237366130383035313331383665376532393535316536363130353132326136353962633737
62646364353636373966376433383761663938363462643034633666393162616164396262613733
65646230326166343938386565373837353763363335623439336463313232376239383665306562
37623364373766353731386465396237383264346561613331623739323533623664336562383934
66333233343639313236306133303431306439326361643233373662303839383934383531336262
38393430326632613332646433323262666130376230366638303830636333663563633338306365
64333963646564613163356663373735613663643962623634396333353962626131393266323437
38633933323039613165303265373231373161646134363336383162346365363633653963346464
32636366353362663434353933366238376432313463366234643839316535343337393530656230
34326234396239663762326232323566363561393239383631353162633261356365393938386462
38353162313938386365633936333030363733383537366166346661306262316361323038373162
66396439376335366130376531636634333836643564306533633031623031343831623238666664
62323165623034663761346563383732336237623634633432306533376132663335386235373432
31303464313861373637646138353962666332656131383731663830616339376362346432396135
65636132656366303730383336613561633534666663373830666666333434396132656337313135
33353431616261623765373933623764616633616565346466353331656166613039626366343264
62353335356534376431343538386264383662373436366437633065316138653864613136626665
31346130376434353965383837666165356134653333376130346162386161313735653233636130
32396666383564656437356637386133336563623535363164623039656364666536393835366162
64623563623666383736616264633138346434386135373639633262656339393261356235633063
61353965326135353930353533626664343831623730616563623134313063353534663330313639
32373661653866646637386261343939646231373939373466363338313037393838376634623239
36303235313361336335336131653532333263366261353837346439393239333864333466336666
33323535616663353462323133623031363361313532666362393561613339336431396263383739
65383931626161353065323262333037356135636363333838303839336536653938323762346462
31363437643830373363356366623535303965333531353639396239313436656434626530363239
65623065656433383964633330396537333538366130303438376637666633353261346534386265
34636630366433353865346335623031306166636435666365626432326632666362653330663865
38626465346136633432316466396663393863616362316532663631323931633466636331316464
65353936653437373639363738326138363139653435376361316331376130626461323762636266
61343935316136346530636537393239393538383162363834383266303938306334316534373532
66356166363437613233386139636361356331356131313136653137656531376633366463303036
37303466613034313062383237333239356665636163653063666232353637653565
