$ANSIBLE_VAULT;1.1;AES256
31663739303538396239616430386234313930313636386438373530633633353362326166663865
6463633232343662376333373530343431333035383231640a633734393533633536346139313932
35386133313130643232353037363066343438653635613032646164643863663761663130343337
3066313835363139350a393830323234336166613630386163333534653561646334303536616236
37313164616365373439363664313664313461333164396265316537303538303865346636666231
38333031393038613330353265343939323963326230383433313765353832323736626132373834
36616539316365336430353835323136313963343665616266343534313765646163626531613935
62323763636238366639386163326566646364643431343265343035326631316435663661383232
62626539383336336562396532343130396432366634643533623130396339383234383035343462
65363238306134643839336231646237323931343862366530366538653734303134326339613234
62353633323834646162666564323436313866393364336532643035356363386431663234393034
62356333613061316465366433323735363130653964656531396334343837643632393738373530
38643363393564303965336636313461363835323431656633363037373730633565356664663930
3762376331343361363234646430376166343233396338333962
