$ANSIBLE_VAULT;1.1;AES256
31373130396131393963343735666466646261336632613238653062306161613566336132646630
3039303137356133303831343838616165373462383432300a363633306636623036666330633231
61313839323633336334396531393361663861333837393163633531626133313730366232623135
6232323830366631310a353762616334343132313964346265623764336563316366636464666538
61303732333061666539633233393866376534373265333365626633613865336162306532346437
61373064353735343263666138326661373230386137643535353261393335313264643438633361
66353864393565303837363434653061653537623661316538396466303532353765353631383661
39343333313935353339626165623466643361663437653934303433333039646533363335366566
30363638336263333638306232313839363636616534616362363964333963346661313938313136
39313864663031383135316639666166363832383765306534633364313933323334666161636637
65366535356563376366313265636631323236323065373563316133303139666634393332623765
39366134343636333362636563313865653535646432353766386638383463363362376364333133
31366434346633393866376237343331353066633466353138366266313035306336633335663935
64363930653837613436303363333034653736393565393035373866656538396536663833366365
61356434386639346137333664303531616534316163393835646439373635666433626261333538
31306138666634363564623337626436613433613837656330353031656464323261633562306531
33383138333133623134356538616135386135333439646332383030653737313932633864363130
65353562336366366363663866316533653436373562383061623361333533303931653739613963
65373539313537396330313237376236373539373065313033363761343564323631333335306436
36396562393230326537333063303866646261336635633237336263666634333333393365653034
64333731303633653663373039316639353664633331393865656133343237363137656138373834
32646433366366666439386135336465616338373431336561663764323936623061653563363465
32353039633036396266663533393363633165353831313131316634613932376535323832633032
37346230663864623566653232653038393664646235383235616430363037656131666132326162
65626465343434373739363235366338396163643834646661363037366134386365626537373537
62366130623536303138623830333635343966666265383964643330353365306338396661343164
31373537303937356461383130376233623333386237656633636561346132343566393966313835
66653461376535313466323737363264366666656363623763643038363866303534643030633963
31316436636563643631353333646531313863626566643566656136373663613636666462623963
61313530333465366238373933643933636636326337666461623962353531393066633862353663
65343734363439306665313531326264303265623764313134393337343237313538323330396236
65316637353830326133663336343161393539393961386162613861386161636234633762313439
33363235333930633035623435303965363433666632346162343333316536373666346337353133
33653731386132306136353561356533346365363139346562393034396537633630666131313436
35323365363163623235623830363337623363666561633836326264336266343330343732303436
65333039326663356338623637336331383239313032363234333562336535623265383731333836
38306630643230343864613832313639383134313631373233333839653536383235636562626632
61636366666333613237313735363235626664313035363066383831633932643430613438633366
66396437353264386630643837653332303932653765323764353731646165636263626466653634
35306435323163336635376335363737383831356366353161316562623638666431386438353462
65383565306338316231356636323162306533663365653731336266613638613739653331303932
33326233633838373839613562666336616137326530353365363430623739383831643732336332
63363061303966643834313739646135353666366434333534386563656263663638613439353231
62326365346564393830353135646365636166383538646630333266323465313766353465646463
32383138643761643338383563383364343236613633326531303035613238356664656563353266
31376331636232613534336639303431303332366463313438646465643030306631633262663832
37343835643930626130653965633362616239616663666563656638653831366365373166363165
34343464643336646562393631623362393032333537363165616161343962366262346337653462
63316330623431636361333862353035306439333238643138323830313039633363653935373139
65363662616335396361346331316438613761666165326366306239373235343462663536633065
61306533613261316262373733633835653834643065333331383239333033343632336434376162
31343430316362653730653362346239613136666435386666393330386135396666643665616361
34333430663334393730336634396666383337323538623166396165336466623833626637373231
35393036396666316266313462663366386466306334323465333534393939353132623436663434
66643931336463313031383835373031613366303264363239313837316135386639643230613462
31343361316439383235323964326462623563316338356631346534663861373163366539336665
61396332376266623930666535343238366438303766316261666533623662623439373463333933
64373339336631383131666339623836623139333438613466303864616563383637666564376162
61373463393837626265333235346336366666326432376336366161353531626633386166613436
30393562303131323065303439356436353062313162343162663236363765623065326362366435
64376535663866653933306637313735333234393433373666623439366337303362313439366335
30386233646139306665313834313666636635333438366661383166326563623739323465636461
66353936623033383938376566613161633038366462303835363134396661363938636539333363
64643837633361366231366135633235343530623466623265346636313565386235306631346533
65613264326561646362646539383133623264396533336265343936326335353936626539303539
65303334313165623635613137376532663534646431383464393062303733393032623632343364
64393464313535383530626436616534313131326266356439666534383537333638353238656535
62353238386162373362613364613837353534393630356566616632333130343862663832636564
61346533343632353233326130663138376432323837633766333238626162613936386537653362
30356666366663373834393865643733613431376532633762646133636232323530373730336261
62343231653530646236396430383265373262323965353465636337366632363763386263396437
66333033316534373533353861313631333464643935653737636263626339653365646430343930
38373530336633303239636532346331666634353833303132316338633965353833323465366366
37656431336162616365626637383337323037656133393636353235633566353939653630643337
31346165383735656265303930623532383236336163343232636635393637323732333863353361
36386133343564393138643431363735623635626338646463356664343166326139316465613663
61663137373365396163353639373339393932666330373961353461393739623661623966643537
39623561613335386437323836656532613035323431396565613361613736306439306664656332
66343735633330653230626430663838656461353363386435656438366165356431646463386134
31373263643565656433376465306438376139666464643830306132643331363130346433626337
30646262313639333065663463313464303335353162656637663164663165653736396464353561
36633638346262363261633666356630316539393838393731666238326163636366383031386338
39663163386231376463666664323762343638346235653833636161636662343938653030633066
63353866343761343533616631656132333435343135373930623636616234373737646362663537
33653166303834326333306230373836646136613664313431313962626265303731646231623961
37313532383335353161616230396563333334303736643665356630363639326563363930383032
64303837323834336561336232313365356332333436633061353731363564336564616639613037
36623530366632393833343664396331343932336630323632366230666230666234343634626238
63363837306333356431656432633131376637356339656466643839346130333139303963316132
31323231666432363561623536663931633264353334636332633036366163303266313866336636
62336633616337376335383332373039396337383861343031396563343531376133666561373566
66636437303734616533643939313934326363333966653564363664313363383632613261646438
32303862323164656666323363306563646335623336626532373838366261643330613838336239
34326337666132336532643265383834633336623135666534313939623963636436383032366666
63336139313434626465323034666166356334373263623135343931666139373132343739363366
34643533336636613335636330383534343264303335626535663030383936643734356264643730
32343736383564306530333465363331666365363938626630373961396335376435356164386365
38343165646331616334346233313462353535646534393131656433323961643666313230623137
62353230656462356637346633376635653465623361323132363866333535626166623336613563
30323938386564363366326239613539623338373936316333383434656465666433653265353131
39343732333163623733663665623233383162313637613563613832626663333339636365396263
30396564366262663465663435633430313263303333353062393861393763613966663361306663
65306563623331393931313766626465303533653966313432653035303230623036343737313262
66323363303339663131363664653530636139313662396138626665306536326139313137346431
37653133383861646361363135343735363733363763373536343133353432353939383365363435
64643333353464636438313035313232316339343266653066346662313731633039306530636262
62313966363336386639363033393434313762336233643063613039303930353739636336363639
61666336396337643631616438313139393734323837376664383737636662366363373032326135
36343262373932666162373164313632366530656462303064336337333365663938383033326366
61383461636262343337393635626633303337383531393864313431303038333838356537306666
65616463393265383633373236363763333062633235393037373931333133643838383631323666
63353630323838326461666432386631313866376439666264656534373736333862633633636432
62663831643032326631363964343664613462303963333033336362393164366564336563393335
34623064363131376132363061333566306331363330306532616562366330663530373631613161
33393232613837353464363562626535663534666333663962323638656335323863646362643533
30323161346366353634623534653433376639323465393536623736393766313238633736303364
32616461626465356439343238616463393663663334313661653763623136376666636233613265
35343437346130383562393363343433333438363336633334656331633033363164333733393035
65313732313965303030313830633166653635323464333838363235393366373533383439656536
38363666626636663664336238366461306362616434613066363831343466613433666236646637
38356433336364313336333531383963653933373034303034616339323262613230663230316339
36396365633031333663343165346539366137353932363538623139643330333763333864313037
64366464393464323339353331313736616634636631303737353135616637323633353965623366
39383233383166323332313833366662323437356631653865353434353833333538366463386139
37353331353462366461356331356137343430303832316238343731393361336536663133326563
63623236386639333433343765666430303335333637303235623338363033663164626134373037
33323035303438646262663731306232363332343738346134653666336234306539373735636435
33623662383466363135626462616366393262643331643735353833623733623930383763326638
30373932633039386133326332383334353635333134336332653138623934613039366264303138
33326539623738643762376664666365633237363230313437323765663366613965643064303933
39616134643631653663613136326535613336383164323034323132613961343935326536643538
63366331613532613835376635646665633466643739313738646432303434326435663433346438
65366334343533653238656237626464346132663534313034633662613938623837643433613963
66643236396564663364346164626261663634633735346236373838646433396565303535343438
35363930383332663031343766366632653933633737306431363137373631323061653532346564
30333033373138613836393234633634366435616366326630656231383130353434396165643935
65373466663236616630626439643535636666393738613932373230636637376532306433613864
30636464373238353631613566356236396433373863353534393037346665323030663531333365
61373331643137636637643964373866303963396535343663346537643838366237363531386637
32663231363066336464316233386166343330623764393139366533373863323636636366303830
63633065626534356532366231626539646137323437626534376437353836616461363033376162
36323666653264666166393936326362613131363438343834626237663363383532353562633964
30666432303736636431323132383963396666373531626336323033356430393838396434633230
62623037616564323130343662666536326631646531616437366362303935313066663861356566
38326632623866336161613837663934643839653532623665343964626439313034663639656237
31333535393464666465643965393530396638373033653231363533656232316566383232363866
36303832643663336361626236386432343232303732643736333033353437343838323766646337
61336238346165393435663537326236386237333639376437356262653530643363353333636465
6636
